 26  25  24  23  22  21  20  19  18  17  16  15  14  13  12  13  14 














 26  25  24  23  22  21  20  19  18  17  16  15  14  13  12  13  14 
 25  24  23  22  21  20  19  18  17  16  15  14  13  12  11  12  13 
 24  23  22  21  20  19  18  17  16  15  14  13  12  11  10  11  12 
 23  22  21  20  19  18  17  16  15  14  13  12  11  10  9  10  11 
 22  21  20  19  18  17  16  15  14  13  12  11  10  9  8  9  10 
 21  20  19  18  17  16  15  14  13  12  11  10  9  8  7  8  9 
 20  19  18  17  16  15  14  13  12  11  10  9  8  7  6  7  8 
 19  18  17  16  15  14  13  12  11  10  9  8  7  6  5  6  7 
 18  17  -1  15  14  13  12  11  10  9  8  7  6  5  4  5  6 
 17  16  15  14  13  12  11  10  9  8  7  6  5  4  3  4  5 
 16  15  14  13  12  11  10  9  8  7  6  5  4  3  2  3  4 
 15  14  13  12  11  10  9  8  7  6  5  4  3  2  1  2  3 
 14  13  12  11  10  9  8  7  6  5  4  3  2  1  -2  1  2 
 15  14  13  12  11  10  9  8  7  6  5  4  3  2  1  2  3 
 16  15  14  13  12  11  10  9  8  7  6  5  4  3  2  3  4 
 -5  -4  -4  1342177280  -1359675382  1879050233 
result 8 1
